140.63752987222063 9.344668419050889 0
357.0701179839684 81.70318229438858 0
265.0583719976481 119.30916628465185 1
291.26806333290153 107.40980574953132 0
29.457827432558815 124.98423922675545 0
239.04472457562125 131.5903170099534 0
125.63287191832862 47.78620756034497 0
466.915195423751 50.36154644934111 0
135.0308853893722 148.02095238280646 0
59.53577941895699 66.15931157712217 0
127.23218099011358 114.77123743778459 0
12.634408537484044 88.75901477550998 0
320.0556076078107 123.44968674145191 0
422.23978529411505 77.10259394634197 0
235.99485961132905 9.77681392538975 0
250.082909553201 80.92074963713883 1
40.181498936006754 24.324492013227257 0
278.3453174642452 15.114046980570444 0
386.1838363009543 51.83347332792281 0
176.47982169026855 26.026285493181415 0
352.83656816483483 104.10747983818004 0
100.10328866693602 33.81285069667812 0
139.08501264366973 94.36829723708834 0
256.2465383660483 52.584502564348035 0
173.2777655011486 148.46498852521574 0
325.5960584175733 39.11024416004088 0
473.64329804967434 72.69970254338142 0
364.94982624339656 132.86701465291875 0
298.08234123667233 4.032175873948191 0
56.33729121811337 87.5912249026822 0
40.0 28
